1181332,8,3.33333333333333
1181332,28,3.33333333333333
1181332,43,3.33333333333333
1181332,48,3.33333333333333
1181332,61,3.33333333333333
1181332,64,3.33333333333333
1181332,66,3.33333333333333
1181332,92,3.33333333333333
1181332,96,3.33333333333333
1181332,111,3.33333333333333
1181332,122,3.33333333333333
1181332,123,3.33333333333333
1181332,127,3.33333333333333
1181332,140,3.33333333333333
1181332,145,3.33333333333333
1181332,154,3.33333333333333
1181332,156,3.33333333333333
1181332,174,3.33333333333333
1181332,185,3.33333333333333
1181332,192,3.33333333333333
1181332,207,3.33333333333333
1181332,214,3.33333333333333
1181332,218,3.33333333333333
1181332,222,3.33333333333333
1181332,229,3.33333333333333
1181332,237,3.33333333333333
1181332,259,3.33333333333333
1181332,267,3.33333333333333
1181332,276,3.33333333333333
1181332,287,3.33333333333333
1181332,305,3.33333333333333
1181332,318,3.33333333333333
1181332,323,3.33333333333333
1181332,336,3.33333333333333
1181332,359,3.33333333333333
1181332,361,3.33333333333333
1181332,380,3.33333333333333
1181332,395,3.33333333333333
1181332,398,3.33333333333333
1181332,409,3.33333333333333
1181332,417,3.33333333333333
1181332,440,3.33333333333333
1181332,442,3.33333333333333
1181332,443,3.33333333333333
1181332,450,3.33333333333333
1181332,452,3.33333333333333
1181332,481,3.33333333333333
1181332,507,3.33333333333333
1181332,510,3.33333333333333
1181332,518,3.33333333333333
1181332,541,3.33333333333333
1181332,543,3.33333333333333
1181332,557,3.33333333333333
1181332,566,3.33333333333333
1181332,577,3.33333333333333
1181332,578,3.33333333333333
1181332,583,3.33333333333333
1181332,594,3.33333333333333
1181332,595,3.33333333333333
1181332,606,3.33333333333333
1181332,626,3.33333333333333
1181332,634,3.33333333333333
1181332,636,3.33333333333333
1181332,638,3.33333333333333
1181332,642,3.33333333333333
1181332,647,3.33333333333333
1181332,655,3.33333333333333
1181332,666,3.33333333333333
1181332,669,3.33333333333333
1181332,681,3.33333333333333
1181332,712,3.33333333333333
1181332,718,3.33333333333333
1181332,722,3.33333333333333
1181332,723,3.33333333333333
1181332,725,3.33333333333333
1181332,735,3.33333333333333
1181332,740,3.33333333333333
1181332,761,3.33333333333333
1181332,779,3.33333333333333
1181332,790,3.33333333333333
1181332,795,3.33333333333333
1181332,797,3.33333333333333
1181332,813,3.33333333333333
1181332,815,3.33333333333333
1181332,816,3.33333333333333
1181332,826,3.33333333333333
1181332,827,3.33333333333333
1181332,834,3.33333333333333
1181332,844,3.33333333333333
1181332,849,3.33333333333333
1181332,850,3.33333333333333
1181332,851,3.33333333333333
1181332,852,3.33333333333333
1181332,855,3.33333333333333
1181332,865,3.33333333333333
1181332,878,3.33333333333333
1181332,885,3.33333333333333
1181332,888,3.33333333333333
1181332,907,3.33333333333333
1181332,909,3.33333333333333
1181332,911,3.33333333333333
1181332,916,3.33333333333333
1181332,923,3.33333333333333
1181332,930,3.33333333333333
1181332,946,3.33333333333333
1181332,949,3.33333333333333
1181332,960,3.33333333333333
1181332,992,3.33333333333333
1181332,1007,3.33333333333333
1181332,1046,3.33333333333333
1181332,1048,3.33333333333333
1181332,1054,3.33333333333333
1181332,1059,3.33333333333333
1181332,1061,3.33333333333333
1181332,1076,3.33333333333333
1181332,1078,3.33333333333333
1181332,1091,3.33333333333333
1181332,1092,3.33333333333333
1181332,1100,3.33333333333333
1181332,1104,3.33333333333333
1181332,1122,3.33333333333333
1181332,1123,3.33333333333333
1181332,1134,3.33333333333333
1181332,1140,3.33333333333333
1181332,1146,3.33333333333333
1181332,1167,3.33333333333333
1181332,1188,3.33333333333333
1181332,1190,3.33333333333333
1181332,1192,3.33333333333333
1181332,1202,3.33333333333333
1181332,1205,3.33333333333333
1181332,1213,3.33333333333333
1181332,1252,3.33333333333333
1181332,1256,3.33333333333333
1181332,1260,3.33333333333333
1181332,1268,3.33333333333333
1181332,1289,3.33333333333333
1181332,1305,3.33333333333333
1181332,1313,3.33333333333333
1181332,1333,3.33333333333333
1181332,1340,3.33333333333333
1181332,1343,3.33333333333333
1181332,1356,3.33333333333333
1181332,1367,3.33333333333333
1181332,1388,3.33333333333333
1181332,1406,3.33333333333333
1181332,1407,3.33333333333333
1181332,1425,3.33333333333333
1181332,1430,3.33333333333333
1181332,1432,3.33333333333333
1181332,1444,3.33333333333333
1181332,1455,3.33333333333333
1181332,1464,3.33333333333333
1181332,1482,3.33333333333333
1181332,1484,3.33333333333333
1181332,1488,3.33333333333333
1181332,1500,3.33333333333333
1181332,1522,3.33333333333333
1181332,1523,3.33333333333333
1181332,1554,3.33333333333333
1181332,1557,3.33333333333333
1181332,1559,3.33333333333333
1181332,1564,3.33333333333333
1181332,1600,3.33333333333333
1181332,1609,3.33333333333333
1181332,1615,3.33333333333333
1181332,1629,3.33333333333333
1181332,1644,3.33333333333333
1181332,1668,3.33333333333333
1181332,1675,3.33333333333333
1181332,1731,3.33333333333333
1181332,1744,3.33333333333333
1181332,1757,3.33333333333333
1181332,1779,3.33333333333333
1181332,1803,3.33333333333333
1181332,1807,3.33333333333333
1181332,1825,3.33333333333333
1181332,1832,3.33333333333333
1181332,1841,3.33333333333333
1181332,1845,3.33333333333333
1181332,1848,3.33333333333333
1181332,1851,3.33333333333333
1181332,1853,3.33333333333333
1181332,1868,3.33333333333333
1181332,1884,3.33333333333333
1181332,1889,3.33333333333333
1181332,1893,3.33333333333333
1181332,1896,3.33333333333333
1181332,1898,3.33333333333333
1181332,1901,3.33333333333333
1181332,1903,3.33333333333333
1181332,1924,3.33333333333333
1181332,1944,3.33333333333333
1181332,1951,3.33333333333333
1181332,1952,3.33333333333333
1181332,1958,3.33333333333333
1181332,1966,3.33333333333333
1181332,1967,3.33333333333333
1181332,1983,3.33333333333333
1181332,1993,3.33333333333333
1181332,2014,3.33333333333333
1181332,2015,3.33333333333333
1181332,2028,3.33333333333333
1181332,2036,3.33333333333333
1181332,2039,3.33333333333333
1181332,2042,3.33333333333333
1181332,2043,3.33333333333333
1181332,2053,3.33333333333333
1181332,2058,3.33333333333333
1181332,2079,3.33333333333333
1181332,2083,3.33333333333333
1181332,2103,3.33333333333333
1181332,2104,3.33333333333333
1181332,2106,3.33333333333333
1181332,2110,3.33333333333333
1181332,2116,3.33333333333333
1181332,2130,3.33333333333333
1181332,2147,3.33333333333333
1181332,2160,3.33333333333333
1181332,2168,3.33333333333333
1181332,2193,3.33333333333333
1181332,2198,3.33333333333333
1181332,2212,3.33333333333333
1181332,2232,3.33333333333333
1181332,2235,3.33333333333333
1181332,2243,3.33333333333333
1181332,2251,3.33333333333333
1181332,2284,3.33333333333333
1181332,2290,3.33333333333333
1181332,2298,3.33333333333333
1181332,2313,3.33333333333333
1181332,2316,3.33333333333333
1181332,2342,3.33333333333333
1181332,2343,3.33333333333333
1181332,2344,3.33333333333333
1181332,2352,3.33333333333333
1181332,2355,3.33333333333333
1181332,2356,3.33333333333333
1181332,2366,3.33333333333333
1181332,2375,3.33333333333333
1181332,2418,3.33333333333333
1181332,2430,3.33333333333333
1181332,2432,3.33333333333333
1181332,2438,3.33333333333333
1181332,2460,3.33333333333333
1181332,2492,3.33333333333333
1181332,2503,3.33333333333333
1181332,2504,3.33333333333333
1181332,2506,3.33333333333333
1181332,2510,3.33333333333333
1181332,2512,3.33333333333333
1181332,2518,3.33333333333333
1181332,2528,3.33333333333333
1181332,2532,3.33333333333333
1181332,2544,3.33333333333333
1181332,2552,3.33333333333333
1181332,2560,3.33333333333333
1181332,2562,3.33333333333333
1181332,2565,3.33333333333333
1181332,2569,3.33333333333333
1181332,2597,3.33333333333333
1181332,2601,3.33333333333333
1181332,2604,3.33333333333333
1181332,2616,3.33333333333333
1181332,2621,3.33333333333333
1181332,2629,3.33333333333333
1181332,2640,3.33333333333333
1181332,2642,3.33333333333333
1181332,2643,3.33333333333333
1181332,2658,3.33333333333333
1181332,2659,3.33333333333333
1181332,2660,3.33333333333333
1181332,2666,3.33333333333333
1181332,2667,3.33333333333333
1181332,2675,3.33333333333333
1181332,2678,3.33333333333333
1181332,2682,3.33333333333333
1181332,2707,3.33333333333333
1181332,2715,3.33333333333333
1181332,2718,3.33333333333333
1181332,2731,3.33333333333333
1181332,2745,3.33333333333333
1181332,2749,3.33333333333333
1181332,2755,3.33333333333333
1181332,2756,3.33333333333333
1181332,2757,3.33333333333333
1181332,2773,3.33333333333333
1181332,2786,3.33333333333333
1181332,2789,3.33333333333333
1181332,2794,3.33333333333333
1181332,2807,3.33333333333333
1181332,2808,3.33333333333333
1181332,2818,3.33333333333333
1181332,2859,3.33333333333333
1181332,2861,3.33333333333333
1181332,2866,3.33333333333333
1181332,2886,3.33333333333333
1181332,2905,3.33333333333333
1181332,2909,3.33333333333333
1181332,2913,3.33333333333333
1181332,2918,3.33333333333333
1181332,2925,3.33333333333333
1181332,2928,3.33333333333333
1181332,2931,3.33333333333333
1181332,2939,3.33333333333333
1181332,2954,3.33333333333333
1181332,2955,3.33333333333333
1181332,2969,3.33333333333333
1181332,2985,3.33333333333333
1181332,2988,3.33333333333333
1181332,2995,3.33333333333333
1181332,3022,3.33333333333333
1181332,3032,3.33333333333333
1181332,3033,3.33333333333333
1181332,3043,3.33333333333333
1181332,3044,3.33333333333333
1181332,3054,3.33333333333333
1181332,3057,3.33333333333333
1181332,3068,3.33333333333333
1181332,3069,3.33333333333333
1181332,3073,3.33333333333333
1181332,3084,3.33333333333333
1181332,3094,3.33333333333333
1181332,3107,3.33333333333333
1181332,3135,3.33333333333333
1181332,3143,3.33333333333333
1181332,3147,3.33333333333333
1181332,3149,3.33333333333333
1181332,3151,3.33333333333333
1181332,3164,3.33333333333333
1181332,3165,3.33333333333333
1181332,3170,3.33333333333333
1181332,3176,3.33333333333333
1181332,3189,3.33333333333333
1181332,3192,3.33333333333333
1181332,3196,3.33333333333333
1181332,3200,3.33333333333333
1181332,3201,3.33333333333333
1181332,3220,3.33333333333333
1181332,3229,3.33333333333333
1181332,3232,3.33333333333333
1181332,3237,3.33333333333333
1181332,3243,3.33333333333333
1181332,3253,3.33333333333333
1181332,3257,3.33333333333333
1181332,3269,3.33333333333333
1181332,3271,3.33333333333333
1181332,3274,3.33333333333333
1181332,3281,3.33333333333333
1181332,3285,3.33333333333333
1181332,3290,3.33333333333333
1181332,3298,3.33333333333333
1181332,3301,3.33333333333333
1181332,3316,3.33333333333333
1181332,3326,3.33333333333333
1181332,3329,3.33333333333333
1181332,3330,3.33333333333333
1181332,3351,3.33333333333333
1181332,3355,3.33333333333333
1181332,3359,3.33333333333333
1181332,3418,3.33333333333333
1181332,3440,3.33333333333333
1181332,3486,3.33333333333333
1181332,3492,3.33333333333333
1181332,3498,3.33333333333333
1181332,3538,3.33333333333333
1181332,3541,3.33333333333333
1181332,3546,3.33333333333333
1181332,3559,3.33333333333333
1181332,3568,3.33333333333333
1181332,3584,3.33333333333333
1181332,3586,3.33333333333333
1181332,3587,3.33333333333333
1181332,3590,3.33333333333333
1181332,3598,3.33333333333333
1181332,3613,3.33333333333333
1181332,3638,3.33333333333333
1181332,3647,3.33333333333333
1181332,3652,3.33333333333333
1181332,3655,3.33333333333333
1181332,3658,3.33333333333333
1181332,3670,3.33333333333333
1181332,3685,3.33333333333333
1181332,3702,3.33333333333333
1181332,3705,3.33333333333333
1181332,3706,3.33333333333333
1181332,3722,3.33333333333333
1181332,3727,3.33333333333333
1181332,3733,3.33333333333333
1181332,3734,3.33333333333333
1181332,3740,3.33333333333333
1181332,3742,3.33333333333333
1181332,3743,3.33333333333333
1181332,3760,3.33333333333333
1181332,3824,3.33333333333333
1181332,3848,3.33333333333333
1181332,3861,3.33333333333333
1181332,3862,3.33333333333333
1181332,3874,3.33333333333333
1181332,3878,3.33333333333333
1181332,3881,3.33333333333333
1181332,3889,3.33333333333333
1181332,3890,3.33333333333333
1181332,3891,3.33333333333333
1181332,3893,3.33333333333333
1181332,3903,3.33333333333333
1181332,3904,3.33333333333333
1181332,3914,3.33333333333333
1181332,3928,3.33333333333333
1181332,3941,3.33333333333333
1181332,3943,3.33333333333333
1181332,3944,3.33333333333333
1181332,3955,3.33333333333333
1181332,3977,3.33333333333333
1181332,3978,3.33333333333333
1181332,3994,3.33333333333333
1181332,4002,3.33333333333333
1181332,4005,3.33333333333333
1181332,4008,3.33333333333333
1181332,4023,3.33333333333333
1181332,4032,3.33333333333333
1181332,4042,3.33333333333333
1181332,4049,3.33333333333333
1181332,4061,3.33333333333333
1181332,4064,3.33333333333333
1181332,4076,3.33333333333333
1181332,4095,3.33333333333333
1181332,4119,3.33333333333333
1181332,4122,3.33333333333333
1181332,4128,3.33333333333333
1181332,4129,3.33333333333333
1181332,4144,3.33333333333333
1181332,4152,3.33333333333333
1181332,4160,3.33333333333333
1181332,4189,3.33333333333333
1181332,4190,3.33333333333333
1181332,4207,3.33333333333333
1181332,4215,3.33333333333333
1181332,4218,3.33333333333333
1181332,4224,3.33333333333333
1181332,4238,3.33333333333333
1181332,4239,3.33333333333333
1181332,4257,3.33333333333333
1181332,4264,3.33333333333333
1181332,4268,3.33333333333333
1181332,4272,3.33333333333333
1181332,4283,3.33333333333333
1181332,4299,3.33333333333333
1181332,4329,3.33333333333333
1181332,4346,3.33333333333333
1181332,4359,3.33333333333333
1181332,4385,3.33333333333333
1181332,4394,3.33333333333333
1181332,4405,3.33333333333333
1181332,4429,3.33333333333333
1181332,4432,3.33333333333333
1181332,4439,3.33333333333333
1181332,4441,3.33333333333333
1181332,4445,3.33333333333333
1181332,4468,3.33333333333333
1181332,4485,3.33333333333333
1181332,4496,3.33333333333333
1181332,4513,3.33333333333333
1181332,4518,3.33333333333333
1181332,4538,3.33333333333333
1181332,4544,3.33333333333333
1181332,4546,3.33333333333333
1181332,4552,3.33333333333333
1181332,4556,3.33333333333333
1181332,4563,3.33333333333333
1181332,4566,3.33333333333333
1181332,4569,3.33333333333333
1181332,4574,3.33333333333333
1181332,4586,3.33333333333333
1181332,4613,3.33333333333333
1181332,4619,3.33333333333333
1181332,4627,3.33333333333333
1181332,4637,3.33333333333333
1181332,4640,3.33333333333333
1181332,4645,3.33333333333333
1181332,4647,3.33333333333333
1181332,4685,3.33333333333333
1181332,4694,3.33333333333333
1181332,4737,3.33333333333333
1181332,4742,3.33333333333333
1181332,4750,3.33333333333333
1181332,4761,3.33333333333333
1181332,4768,3.33333333333333
1181332,4811,3.33333333333333
1181332,4837,3.33333333333333
1181332,4840,3.33333333333333
1181332,4847,3.33333333333333
1181332,4849,3.33333333333333
1181332,4852,3.33333333333333
1181332,4858,3.33333333333333
1181332,4868,3.33333333333333
1181332,4875,3.33333333333333
1181332,4876,3.33333333333333
1181332,4880,3.33333333333333
1181332,4901,3.33333333333333
1181332,4902,3.33333333333333
1181332,4918,3.33333333333333
1181332,4921,3.33333333333333
1181332,4932,3.33333333333333
1181332,4935,3.33333333333333
1181332,4943,3.33333333333333
1181332,4952,3.33333333333333
1181332,4963,3.33333333333333
1181332,4966,3.33333333333333
1181332,4981,3.33333333333333
1181332,4986,3.33333333333333
1181332,5008,3.33333333333333
1181332,5025,3.33333333333333
1181332,5026,3.33333333333333
1181332,5027,3.33333333333333
1181332,5062,3.33333333333333
1181332,5069,3.33333333333333
1181332,5096,3.33333333333333
1181332,5098,3.33333333333333
1181332,5123,3.33333333333333
1181332,5129,3.33333333333333
1181332,5131,3.33333333333333
1181332,5142,3.33333333333333
1181332,5143,3.33333333333333
1181332,5149,3.33333333333333
1181332,5157,3.33333333333333
1181332,5159,3.33333333333333
1181332,5160,3.33333333333333
1181332,5175,3.33333333333333
1181332,5206,3.33333333333333
1181332,5220,3.33333333333333
1181332,5225,3.33333333333333
1181332,5267,3.33333333333333
1181332,5272,3.33333333333333
1181332,5284,3.33333333333333
1181332,5294,3.33333333333333
1181332,5311,3.33333333333333
1181332,5326,3.33333333333333
1181332,5327,3.33333333333333
1181332,5336,3.33333333333333
1181332,5337,3.33333333333333
1181332,5342,3.33333333333333
1181332,5361,3.33333333333333
1181332,5364,3.33333333333333
1181332,5367,3.33333333333333
1181332,5369,3.33333333333333
1181332,5408,3.33333333333333
1181332,5425,3.33333333333333
1181332,5426,3.33333333333333
1181332,5465,3.33333333333333
1181332,5474,3.33333333333333
1181332,5484,3.33333333333333
1181332,5485,3.33333333333333
1181332,5552,3.33333333333333
1181332,5556,3.33333333333333
1181332,5562,3.33333333333333
1181332,5568,3.33333333333333
1181332,5577,3.33333333333333
1181332,5604,3.33333333333333
1181332,5607,3.33333333333333
1181332,5623,3.33333333333333
1181332,5640,3.33333333333333
1181332,5641,3.33333333333333
1181332,5651,3.33333333333333
1181332,5656,3.33333333333333
1181332,5699,3.33333333333333
1181332,5700,3.33333333333333
1181332,5716,3.33333333333333
1181332,5727,3.33333333333333
1181332,5729,3.33333333333333
1181332,5748,3.33333333333333
1181332,5760,3.33333333333333
1181332,5766,3.33333333333333
1181332,5785,3.33333333333333
1181332,5790,3.33333333333333
1181332,5799,3.33333333333333
1181332,5813,3.33333333333333
1181332,5814,3.33333333333333
1181332,5827,3.33333333333333
1181332,5835,3.33333333333333
1181332,5849,3.33333333333333
1181332,5877,3.33333333333333
1181332,5883,3.33333333333333
1181332,5897,3.33333333333333
1181332,5898,3.33333333333333
1181332,5901,3.33333333333333
1181332,5911,3.33333333333333
1181332,5921,3.33333333333333
1181332,5941,3.33333333333333
1181332,5943,3.33333333333333
1181332,5945,3.33333333333333
1181332,5958,3.33333333333333
1181332,5963,3.33333333333333
1181332,5966,3.33333333333333
1181332,5970,3.33333333333333
1181332,5979,3.33333333333333
1181332,6013,3.33333333333333
1181332,6014,3.33333333333333
1181332,6066,3.33333333333333
1181332,6069,3.33333333333333
1181332,6085,3.33333333333333
1181332,6086,3.33333333333333
1181332,6093,3.33333333333333
1181332,6103,3.33333333333333
1181332,6110,3.33333333333333
1181332,6121,3.33333333333333
1181332,6131,3.33333333333333
1181332,6136,3.33333333333333
1181332,6137,3.33333333333333
1181332,6140,3.33333333333333
1181332,6172,3.33333333333333
1181332,6177,3.33333333333333
1181332,6190,3.33333333333333
1181332,6200,3.33333333333333
1181332,6208,3.33333333333333
1181332,6215,3.33333333333333
1181332,6220,3.33333333333333
1181332,6226,3.33333333333333
1181332,6228,3.33333333333333
1181332,6230,3.33333333333333
1181332,6234,3.33333333333333
1181332,6250,3.33333333333333
1181332,6252,3.33333333333333
1181332,6257,3.33333333333333
1181332,6260,3.33333333333333
1181332,6276,3.33333333333333
1181332,6277,3.33333333333333
1181332,6281,3.33333333333333
1181332,6285,3.33333333333333
1181332,6287,3.33333333333333
1181332,6289,3.33333333333333
1181332,6291,3.33333333333333
1181332,6308,3.33333333333333
1181332,6315,3.33333333333333
1181332,6318,3.33333333333333
1181332,6334,3.33333333333333
1181332,6336,3.33333333333333
1181332,6338,3.33333333333333
1181332,6347,3.33333333333333
1181332,6354,3.33333333333333
1181332,6356,3.33333333333333
1181332,6358,3.33333333333333
1181332,6363,3.33333333333333
1181332,6389,3.33333333333333
1181332,6390,3.33333333333333
1181332,6395,3.33333333333333
1181332,6400,3.33333333333333
1181332,6405,3.33333333333333
1181332,6406,3.33333333333333
1181332,6408,3.33333333333333
1181332,6417,3.33333333333333
1181332,6419,3.33333333333333
1181332,6424,3.33333333333333
1181332,6446,3.33333333333333
1181332,6448,3.33333333333333
1181332,6466,3.33333333333333
1181332,6467,3.33333333333333
1181332,6480,3.33333333333333
1181332,6481,3.33333333333333
1181332,6482,3.33333333333333
1181332,6522,3.33333333333333
1181332,6523,3.33333333333333
1181332,6529,3.33333333333333
1181332,6536,3.33333333333333
1181332,6537,3.33333333333333
1181332,6541,3.33333333333333
1181332,6543,3.33333333333333
1181332,6550,3.33333333333333
1181332,6556,3.33333333333333
1181332,6562,3.33333333333333
1181332,6566,3.33333333333333
1181332,6567,3.33333333333333
1181332,6593,3.33333333333333
1181332,6611,3.33333333333333
1181332,6619,3.33333333333333
1181332,6629,3.33333333333333
1181332,6650,3.33333333333333
1181332,6663,3.33333333333333
1181332,6666,3.33333333333333
1181332,6668,3.33333333333333
1181332,6678,3.33333333333333
1181332,6680,3.33333333333333
1181332,6714,3.33333333333333
1181332,6737,3.33333333333333
1181332,6743,3.33333333333333
1181332,6748,3.33333333333333
1181332,6756,3.33333333333333
1181332,6830,3.33333333333333
1181332,6839,3.33333333333333
1181332,6871,3.33333333333333
1181332,6872,3.33333333333333
1181332,6885,3.33333333333333
1181332,6889,3.33333333333333
1181332,6892,3.33333333333333
1181332,6894,3.33333333333333
1181332,6901,3.33333333333333
1181332,6911,3.33333333333333
1181332,6912,3.33333333333333
1181332,6914,3.33333333333333
1181332,6917,3.33333333333333
1181332,6919,3.33333333333333
1181332,6932,3.33333333333333
1181332,6939,3.33333333333333
1181332,6946,3.33333333333333
1181332,6965,3.33333333333333
1181332,6971,3.33333333333333
1181332,6975,3.33333333333333
1181332,6979,3.33333333333333
1181332,6985,3.33333333333333
1181332,6988,3.33333333333333
1181332,6991,3.33333333333333
1181332,6998,3.33333333333333
1181332,7011,3.33333333333333
1181332,7016,3.33333333333333
1181332,7022,3.33333333333333
1181332,7030,3.33333333333333
1181332,7033,3.33333333333333
1181332,7061,3.33333333333333
1181332,7063,3.33333333333333
1181332,7067,3.33333333333333
1181332,7068,3.33333333333333
1181332,7075,3.33333333333333
1181332,7077,3.33333333333333
1181332,7084,3.33333333333333
1181332,7089,3.33333333333333
1181332,7109,3.33333333333333
1181332,7116,3.33333333333333
1181332,7132,3.33333333333333
1181332,7136,3.33333333333333
1181332,7137,3.33333333333333
1181332,7145,3.33333333333333
1181332,7147,3.33333333333333
1181332,7148,3.33333333333333
1181332,7186,3.33333333333333
1181332,7188,3.33333333333333
1181332,7236,3.33333333333333
1181332,7238,3.33333333333333
1181332,7244,3.33333333333333
1181332,7247,3.33333333333333
1181332,7255,3.33333333333333
1181332,7257,3.33333333333333
1181332,7262,3.33333333333333
1181332,7273,3.33333333333333
1181332,7283,3.33333333333333
1181332,7292,3.33333333333333
1181332,7299,3.33333333333333
1181332,7329,3.33333333333333
1181332,7334,3.33333333333333
1181332,7339,3.33333333333333
1181332,7382,3.33333333333333
1181332,7386,3.33333333333333
1181332,7387,3.33333333333333
1181332,7400,3.33333333333333
1181332,7406,3.33333333333333
1181332,7408,3.33333333333333
1181332,7418,3.33333333333333
1181332,7437,3.33333333333333
1181332,7442,3.33333333333333
1181332,7445,3.33333333333333
1181332,7458,3.33333333333333
1181332,7466,3.33333333333333
1181332,7476,3.33333333333333
1181332,7495,3.33333333333333
1181332,7503,3.33333333333333
1181332,7505,3.33333333333333
1181332,7511,3.33333333333333
1181332,7512,3.33333333333333
1181332,7516,3.33333333333333
1181332,7517,3.33333333333333
1181332,7518,3.33333333333333
1181332,7524,3.33333333333333
1181332,7527,3.33333333333333
1181332,7537,3.33333333333333
1181332,7544,3.33333333333333
1181332,7551,3.33333333333333
1181332,7557,3.33333333333333
1181332,7567,3.33333333333333
1181332,7569,3.33333333333333
1181332,7571,3.33333333333333
1181332,7577,3.33333333333333
1181332,7587,3.33333333333333
1181332,7607,3.33333333333333
1181332,7625,3.33333333333333
1181332,7638,3.33333333333333
1181332,7656,3.33333333333333
1181332,7681,3.33333333333333
1181332,7698,3.33333333333333
1181332,7721,3.33333333333333
1181332,7726,3.33333333333333
1181332,7736,3.33333333333333
1181332,7747,3.33333333333333
1181332,7763,3.33333333333333
1181332,7768,3.33333333333333
1181332,7770,3.33333333333333
1181332,7776,3.33333333333333
1181332,7801,3.33333333333333
1181332,7802,3.33333333333333
1181332,7806,3.33333333333333
1181332,7812,3.33333333333333
1181332,7822,3.33333333333333
1181332,7823,3.33333333333333
1181332,7838,3.33333333333333
1181332,7858,3.33333333333333
1181332,7868,3.33333333333333
1181332,7899,3.33333333333333
1181332,7901,3.33333333333333
1181332,7903,3.33333333333333
1181332,7906,3.33333333333333
1181332,7916,3.33333333333333
1181332,7919,3.33333333333333
1181332,7921,3.33333333333333
1181332,7923,3.33333333333333
1181332,7931,3.33333333333333
1181332,7939,3.33333333333333
1181332,7950,3.33333333333333
1181332,7968,3.33333333333333
1181332,7973,3.33333333333333
1181332,7991,3.33333333333333
1181332,8002,3.33333333333333
1181332,8005,3.33333333333333
1181332,8007,3.33333333333333
1181332,8008,3.33333333333333
1181332,8017,3.33333333333333
1181332,8023,3.33333333333333
1181332,8029,3.33333333333333
1181332,8039,3.33333333333333
1181332,8051,3.33333333333333
1181332,8052,3.33333333333333
1181332,8058,3.33333333333333
1181332,8072,3.33333333333333
1181332,8085,3.33333333333333
1181332,8096,3.33333333333333
1181332,8107,3.33333333333333
1181332,8121,3.33333333333333
1181332,8128,3.33333333333333
1181332,8162,3.33333333333333
1181332,8163,3.33333333333333
1181332,8166,3.33333333333333
1181332,8182,3.33333333333333
1181332,8200,3.33333333333333
1181332,8206,3.33333333333333
1181332,8207,3.33333333333333
1181332,8220,3.33333333333333
1181332,8249,3.33333333333333
1181332,8260,3.33333333333333
1181332,8268,3.33333333333333
1181332,8307,3.33333333333333
1181332,8315,3.33333333333333
1181332,8341,3.33333333333333
1181332,8352,3.33333333333333
1181332,8354,3.33333333333333
1181332,8365,3.33333333333333
1181332,8384,3.33333333333333
1181332,8390,3.33333333333333
1181332,8392,3.33333333333333
1181332,8401,3.33333333333333
1181332,8422,3.33333333333333
1181332,8428,3.33333333333333
1181332,8435,3.33333333333333
1181332,8448,3.33333333333333
1181332,8452,3.33333333333333
1181332,8458,3.33333333333333
1181332,8488,3.33333333333333
1181332,8491,3.33333333333333
1181332,8493,3.33333333333333
1181332,8495,3.33333333333333
1181332,8512,3.33333333333333
1181332,8526,3.33333333333333
1181332,8534,3.33333333333333
1181332,8537,3.33333333333333
1181332,8560,3.33333333333333
1181332,8561,3.33333333333333
1181332,8566,3.33333333333333
1181332,8582,3.33333333333333
1181332,8594,3.33333333333333
1181332,8596,3.33333333333333
1181332,8628,3.33333333333333
1181332,8654,3.33333333333333
1181332,8657,3.33333333333333
1181332,8661,3.33333333333333
1181332,8677,3.33333333333333
1181332,8678,3.33333333333333
1181332,8692,3.33333333333333
1181332,8697,3.33333333333333
1181332,8699,3.33333333333333
1181332,8703,3.33333333333333
1181332,8706,3.33333333333333
1181332,8718,3.33333333333333
1181332,8738,3.33333333333333
1181332,8766,3.33333333333333
1181332,8770,3.33333333333333
1181332,8781,3.33333333333333
1181332,8798,3.33333333333333
1181332,8804,3.33333333333333
1181332,8825,3.33333333333333
1181332,8842,3.33333333333333
1181332,8849,3.33333333333333
1181332,8851,3.33333333333333
1181332,8867,3.33333333333333
1181332,8889,3.33333333333333
1181332,8896,3.33333333333333
1181332,8905,3.33333333333333
1181332,8915,3.33333333333333
1181332,8919,3.33333333333333
1181332,8920,3.33333333333333
1181332,8921,3.33333333333333
1181332,8933,3.33333333333333
1181332,8951,3.33333333333333
1181332,8977,3.33333333333333
1181332,8994,3.33333333333333
1181332,9025,3.33333333333333
1181332,9028,3.33333333333333
1181332,9043,3.33333333333333
1181332,9046,3.33333333333333
1181332,9059,3.33333333333333
1181332,9087,3.33333333333333
1181332,9093,3.33333333333333
1181332,9107,3.33333333333333
1181332,9130,3.33333333333333
1181332,9131,3.33333333333333
1181332,9152,3.33333333333333
1181332,9167,3.33333333333333
1181332,9186,3.33333333333333
1181332,9187,3.33333333333333
1181332,9199,3.33333333333333
1181332,9202,3.33333333333333
1181332,9230,3.33333333333333
1181332,9237,3.33333333333333
1181332,9256,3.33333333333333
1181332,9297,3.33333333333333
1181332,9310,3.33333333333333
1181332,9324,3.33333333333333
1181332,9337,3.33333333333333
1181332,9343,3.33333333333333
1181332,9376,3.33333333333333
1181332,9401,3.33333333333333
1181332,9404,3.33333333333333
1181332,9410,3.33333333333333
1181332,9421,3.33333333333333
1181332,9422,3.33333333333333
1181332,9423,3.33333333333333
1181332,9481,3.33333333333333
1181332,9482,3.33333333333333
1181332,9492,3.33333333333333
1181332,9517,3.33333333333333
1181332,9518,3.33333333333333
1181332,9528,3.33333333333333
1181332,9530,3.33333333333333
1181332,9537,3.33333333333333
1181332,9550,3.33333333333333
1181332,9551,3.33333333333333
1181332,9567,3.33333333333333
1181332,9568,3.33333333333333
1181332,9600,3.33333333333333
1181332,9602,3.33333333333333
1181332,9607,3.33333333333333
1181332,9612,3.33333333333333
1181332,9617,3.33333333333333
1181332,9620,3.33333333333333
1181332,9629,3.33333333333333
1181332,9632,3.33333333333333
1181332,9640,3.33333333333333
1181332,9650,3.33333333333333
1181332,9672,3.33333333333333
1181332,9681,3.33333333333333
1181332,9689,3.33333333333333
1181332,9691,3.33333333333333
1181332,9696,3.33333333333333
1181332,9697,3.33333333333333
1181332,9699,3.33333333333333
1181332,9701,3.33333333333333
1181332,9716,3.33333333333333
1181332,9717,3.33333333333333
1181332,9719,3.33333333333333
1181332,9720,3.33333333333333
1181332,9728,3.33333333333333
1181332,9730,3.33333333333333
1181332,9735,3.33333333333333
1181332,9744,3.33333333333333
1181332,9747,3.33333333333333
1181332,9750,3.33333333333333
1181332,9752,3.33333333333333
1181332,9767,3.33333333333333
1181332,9798,3.33333333333333
1181332,9805,3.33333333333333
1181332,9817,3.33333333333333
1181332,9819,3.33333333333333
1181332,9824,3.33333333333333
1181332,9831,3.33333333333333
1181332,9843,3.33333333333333
1181332,9854,3.33333333333333
1181332,9855,3.33333333333333
1181332,9867,3.33333333333333
1181332,9875,3.33333333333333
1181332,9885,3.33333333333333
1181332,9890,3.33333333333333
1181332,9897,3.33333333333333
1181332,9920,3.33333333333333
1181332,9930,3.33333333333333
1181332,9945,3.33333333333333
1181332,9946,3.33333333333333
1181332,9953,3.33333333333333
1181332,9967,3.33333333333333
1181332,9973,3.33333333333333
1181332,9989,3.33333333333333
1181332,9993,3.33333333333333
1181332,9997,3.33333333333333
1181332,10006,3.33333333333333
1181332,10019,3.33333333333333
1181332,10024,3.33333333333333
1181332,10025,3.33333333333333
1181332,10034,3.33333333333333
1181332,10048,3.33333333333333
1181332,10076,3.33333333333333
1181332,10077,3.33333333333333
1181332,10080,3.33333333333333
1181332,10082,3.33333333333333
1181332,10089,3.33333333333333
1181332,10100,3.33333333333333
1181332,10104,3.33333333333333
1181332,10108,3.33333333333333
1181332,10109,3.33333333333333
1181332,10127,3.33333333333333
1181332,10187,3.33333333333333
1181332,10188,3.33333333333333
1181332,10194,3.33333333333333
1181332,10195,3.33333333333333
1181332,10219,3.33333333333333
1181332,10237,3.33333333333333
1181332,10248,3.33333333333333
1181332,10255,3.33333333333333
1181332,10284,3.33333333333333
1181332,10319,3.33333333333333
1181332,10321,3.33333333333333
1181332,10349,3.33333333333333
1181332,10350,3.33333333333333
1181332,10354,3.33333333333333
1181332,10368,3.33333333333333
1181332,10391,3.33333333333333
1181332,10404,3.33333333333333
1181332,10415,3.33333333333333
1181332,10428,3.33333333333333
1181332,10429,3.33333333333333
1181332,10462,3.33333333333333
1181332,10493,3.33333333333333
1181332,10522,3.33333333333333
1181332,10540,3.33333333333333
1181332,10555,3.33333333333333
1181332,10561,3.33333333333333
1181332,10572,3.33333333333333
1181332,10576,3.33333333333333
1181332,10578,3.33333333333333
1181332,10589,3.33333333333333
1181332,10595,3.33333333333333
1181332,10659,3.33333333333333
1181332,10662,3.33333333333333
1181332,10663,3.33333333333333
1181332,10670,3.33333333333333
1181332,10676,3.33333333333333
1181332,10686,3.33333333333333
1181332,10692,3.33333333333333
1181332,10712,3.33333333333333
1181332,10721,3.33333333333333
1181332,10733,3.33333333333333
1181332,10734,3.33333333333333
1181332,10735,3.33333333333333
1181332,10743,3.33333333333333
1181332,10747,3.33333333333333
1181332,10750,3.33333333333333
1181332,10757,3.33333333333333
1181332,10762,3.33333333333333
1181332,10774,3.33333333333333
1181332,10777,3.33333333333333
1181332,10780,3.33333333333333
1181332,10781,3.33333333333333
1181332,10792,3.33333333333333
1181332,10800,3.33333333333333
1181332,10810,3.33333333333333
1181332,10826,3.33333333333333
1181332,10835,3.33333333333333
1181332,10836,3.33333333333333
1181332,10843,3.33333333333333
1181332,10845,3.33333333333333
1181332,10846,3.33333333333333
1181332,10851,3.33333333333333
1181332,10870,3.33333333333333
1181332,10889,3.33333333333333
1181332,10900,3.33333333333333
1181332,10903,3.33333333333333
1181332,10921,3.33333333333333
1181332,10926,3.33333333333333
1181332,10939,3.33333333333333
1181332,10943,3.33333333333333
1181332,10947,3.33333333333333
1181332,10959,3.33333333333333
1181332,10978,3.33333333333333
1181332,10992,3.33333333333333
1181332,11003,3.33333333333333
1181332,11007,3.33333333333333
1181332,11009,3.33333333333333
1181332,11011,3.33333333333333
1181332,11021,3.33333333333333
1181332,11025,3.33333333333333
1181332,11027,3.33333333333333
1181332,11034,3.33333333333333
1181332,11041,3.33333333333333
1181332,11048,3.33333333333333
1181332,11054,3.33333333333333
1181332,11056,3.33333333333333
1181332,11076,3.33333333333333
1181332,11080,3.33333333333333
1181332,11086,3.33333333333333
1181332,11088,3.33333333333333
1181332,11098,3.33333333333333
1181332,11107,3.33333333333333
1181332,11124,3.33333333333333
1181332,11133,3.33333333333333
1181332,11158,3.33333333333333
1181332,11159,3.33333333333333
1181332,11177,3.33333333333333
1181332,11182,3.33333333333333
1181332,11197,3.33333333333333
1181332,11213,3.33333333333333
1181332,11232,3.33333333333333
1181332,11235,3.33333333333333
1181332,11236,3.33333333333333
1181332,11237,3.33333333333333
1181332,11238,3.33333333333333
1181332,11240,3.33333333333333
1181332,11245,3.33333333333333
1181332,11253,3.33333333333333
1181332,11259,3.33333333333333
1181332,11261,3.33333333333333
1181332,11284,3.33333333333333
1181332,11286,3.33333333333333
1181332,11288,3.33333333333333
1181332,11292,3.33333333333333
1181332,11294,3.33333333333333
1181332,11295,3.33333333333333
1181332,11307,3.33333333333333
1181332,11312,3.33333333333333
1181332,11316,3.33333333333333
1181332,11317,3.33333333333333
1181332,11319,3.33333333333333
1181332,11330,3.33333333333333
1181332,11339,3.33333333333333
1181332,11340,3.33333333333333
1181332,11344,3.33333333333333
1181332,11347,3.33333333333333
1181332,11348,3.33333333333333
1181332,11352,3.33333333333333
1181332,11376,3.33333333333333
1181332,11380,3.33333333333333
1181332,11391,3.33333333333333
1181332,11395,3.33333333333333
1181332,11408,3.33333333333333
1181332,11412,3.33333333333333
1181332,11418,3.33333333333333
1181332,11436,3.33333333333333
1181332,11442,3.33333333333333
1181332,11463,3.33333333333333
1181332,11493,3.33333333333333
1181332,11496,3.33333333333333
1181332,11505,3.33333333333333
1181332,11510,3.33333333333333
1181332,11511,3.33333333333333
1181332,11513,3.33333333333333
1181332,11536,3.33333333333333
1181332,11563,3.33333333333333
1181332,11567,3.33333333333333
1181332,11613,3.33333333333333
1181332,11614,3.33333333333333
1181332,11616,3.33333333333333
1181332,11631,3.33333333333333
1181332,11637,3.33333333333333
1181332,11638,3.33333333333333
1181332,11651,3.33333333333333
1181332,11657,3.33333333333333
1181332,11673,3.33333333333333
1181332,11686,3.33333333333333
1181332,11688,3.33333333333333
1181332,11689,3.33333333333333
1181332,11690,3.33333333333333
1181332,11723,3.33333333333333
1181332,11732,3.33333333333333
1181332,11757,3.33333333333333
1181332,11766,3.33333333333333
1181332,11775,3.33333333333333
1181332,11786,3.33333333333333
1181332,11806,3.33333333333333
1181332,11812,3.33333333333333
1181332,11824,3.33333333333333
1181332,11829,3.33333333333333
1181332,11835,3.33333333333333
1181332,11837,3.33333333333333
1181332,11838,3.33333333333333
1181332,11839,3.33333333333333
1181332,11851,3.33333333333333
1181332,11866,3.33333333333333
1181332,11867,3.33333333333333
1181332,11884,3.33333333333333
1181332,11887,3.33333333333333
1181332,11888,3.33333333333333
1181332,11902,3.33333333333333
1181332,11908,3.33333333333333
1181332,11923,3.33333333333333
1181332,11951,3.33333333333333
1181332,11952,3.33333333333333
1181332,11965,3.33333333333333
1181332,11966,3.33333333333333
1181332,12010,3.33333333333333
1181332,12046,3.33333333333333
1181332,12059,3.33333333333333
1181332,12100,3.33333333333333
1181332,12117,3.33333333333333
1181332,12123,3.33333333333333
1181332,12125,3.33333333333333
1181332,12133,3.33333333333333
1181332,12156,3.33333333333333
1181332,12159,3.33333333333333
1181332,12170,3.33333333333333
1181332,12178,3.33333333333333
1181332,12180,3.33333333333333
1181332,12184,3.33333333333333
1181332,12189,3.33333333333333
1181332,12199,3.33333333333333
1181332,12202,3.33333333333333
1181332,12230,3.33333333333333
1181332,12232,3.33333333333333
1181332,12243,3.33333333333333
1181332,12246,3.33333333333333
1181332,12273,3.33333333333333
1181332,12275,3.33333333333333
1181332,12276,3.33333333333333
1181332,12280,3.33333333333333
1181332,12284,3.33333333333333
1181332,12291,3.33333333333333
1181332,12292,3.33333333333333
1181332,12293,3.33333333333333
1181332,12298,3.33333333333333
1181332,12336,3.33333333333333
1181332,12348,3.33333333333333
1181332,12355,3.33333333333333
1181332,12372,3.33333333333333
1181332,12386,3.33333333333333
1181332,12391,3.33333333333333
1181332,12396,3.33333333333333
1181332,12413,3.33333333333333
1181332,12419,3.33333333333333
1181332,12421,3.33333333333333
1181332,12422,3.33333333333333
1181332,12423,3.33333333333333
1181332,12432,3.33333333333333
1181332,12452,3.33333333333333
1181332,12455,3.33333333333333
1181332,12472,3.33333333333333
1181332,12482,3.33333333333333
1181332,12488,3.33333333333333
1181332,12496,3.33333333333333
1181332,12497,3.33333333333333
1181332,12503,3.33333333333333
1181332,12504,3.33333333333333
1181332,12510,3.33333333333333
1181332,12538,3.33333333333333
1181332,12544,3.33333333333333
1181332,12589,3.33333333333333
1181332,12604,3.33333333333333
1181332,12606,3.33333333333333
1181332,12607,3.33333333333333
1181332,12623,3.33333333333333
1181332,12627,3.33333333333333
1181332,12634,3.33333333333333
1181332,12639,3.33333333333333
1181332,12653,3.33333333333333
1181332,12661,3.33333333333333
1181332,12679,3.33333333333333
1181332,12682,3.33333333333333
1181332,12683,3.33333333333333
1181332,12695,3.33333333333333
1181332,12700,3.33333333333333
1181332,12705,3.33333333333333
1181332,12709,3.33333333333333
1181332,12733,3.33333333333333
1181332,12755,3.33333333333333
1181332,12757,3.33333333333333
1181332,12760,3.33333333333333
1181332,12775,3.33333333333333
1181332,12778,3.33333333333333
1181332,12780,3.33333333333333
1181332,12793,3.33333333333333
1181332,12795,3.33333333333333
1181332,12798,3.33333333333333
1181332,12812,3.33333333333333
1181332,12822,3.33333333333333
1181332,12824,3.33333333333333
1181332,12847,3.33333333333333
1181332,12852,3.33333333333333
1181332,12855,3.33333333333333
1181332,12863,3.33333333333333
1181332,12864,3.33333333333333
1181332,12875,3.33333333333333
1181332,12887,3.33333333333333
1181332,12894,3.33333333333333
1181332,12912,3.33333333333333
1181332,12920,3.33333333333333
1181332,12936,3.33333333333333
1181332,12946,3.33333333333333
1181332,12948,3.33333333333333
1181332,12952,3.33333333333333
1181332,12957,3.33333333333333
1181332,12969,3.33333333333333
1181332,12977,3.33333333333333
1181332,12993,3.33333333333333
1181332,13015,3.33333333333333
1181332,13022,3.33333333333333
1181332,13032,3.33333333333333
1181332,13046,3.33333333333333
1181332,13055,3.33333333333333
1181332,13059,3.33333333333333
1181332,13099,3.33333333333333
1181332,13107,3.33333333333333
1181332,13110,3.33333333333333
1181332,13137,3.33333333333333
1181332,13145,3.33333333333333
1181332,13150,3.33333333333333
1181332,13154,3.33333333333333
1181332,13186,3.33333333333333
1181332,13188,3.33333333333333
1181332,13199,3.33333333333333
1181332,13212,3.33333333333333
1181332,13215,3.33333333333333
1181332,13218,3.33333333333333
1181332,13235,3.33333333333333
1181332,13242,3.33333333333333
1181332,13262,3.33333333333333
1181332,13270,3.33333333333333
1181332,13288,3.33333333333333
1181332,13289,3.33333333333333
1181332,13298,3.33333333333333
1181332,13299,3.33333333333333
1181332,13305,3.33333333333333
1181332,13326,3.33333333333333
1181332,13328,3.33333333333333
1181332,13334,3.33333333333333
1181332,13339,3.33333333333333
1181332,13360,3.33333333333333
1181332,13363,3.33333333333333
1181332,13377,3.33333333333333
1181332,13387,3.33333333333333
1181332,13431,3.33333333333333
1181332,13432,3.33333333333333
1181332,13438,3.33333333333333
1181332,13451,3.33333333333333
1181332,13456,3.33333333333333
1181332,13461,3.33333333333333
1181332,13464,3.33333333333333
1181332,13477,3.33333333333333
1181332,13485,3.33333333333333
1181332,13489,3.33333333333333
1181332,13507,3.33333333333333
1181332,13519,3.33333333333333
1181332,13531,3.33333333333333
1181332,13561,3.33333333333333
1181332,13563,3.33333333333333
1181332,13565,3.33333333333333
1181332,13569,3.33333333333333
1181332,13587,3.33333333333333
1181332,13589,3.33333333333333
1181332,13590,3.33333333333333
1181332,13601,3.33333333333333
1181332,13604,3.33333333333333
1181332,13606,3.33333333333333
1181332,13608,3.33333333333333
1181332,13614,3.33333333333333
1181332,13632,3.33333333333333
1181332,13633,3.33333333333333
1181332,13636,3.33333333333333
1181332,13638,3.33333333333333
1181332,13651,3.33333333333333
1181332,13664,3.33333333333333
1181332,13674,3.33333333333333
1181332,13677,3.33333333333333
1181332,13680,3.33333333333333
1181332,13682,3.33333333333333
1181332,13686,3.33333333333333
1181332,13744,3.33333333333333
1181332,13748,3.33333333333333
1181332,13758,3.33333333333333
1181332,13760,3.33333333333333
1181332,13769,3.33333333333333
1181332,13783,3.33333333333333
1181332,13787,3.33333333333333
1181332,13802,3.33333333333333
1181332,13817,3.33333333333333
1181332,13823,3.33333333333333
1181332,13828,3.33333333333333
1181332,13831,3.33333333333333
1181332,13835,3.33333333333333
1181332,13838,3.33333333333333
1181332,13853,3.33333333333333
1181332,13858,3.33333333333333
1181332,13861,3.33333333333333
1181332,13877,3.33333333333333
1181332,13878,3.33333333333333
1181332,13887,3.33333333333333
1181332,13899,3.33333333333333
1181332,13905,3.33333333333333
1181332,13909,3.33333333333333
1181332,13911,3.33333333333333
1181332,13912,3.33333333333333
1181332,13927,3.33333333333333
1181332,13934,3.33333333333333
1181332,13936,3.33333333333333
1181332,13938,3.33333333333333
1181332,13964,3.33333333333333
1181332,13965,3.33333333333333
1181332,13989,3.33333333333333
1181332,14013,3.33333333333333
1181332,14046,3.33333333333333
1181332,14070,3.33333333333333
1181332,14072,3.33333333333333
1181332,14075,3.33333333333333
1181332,14077,3.33333333333333
1181332,14079,3.33333333333333
1181332,14086,3.33333333333333
1181332,14088,3.33333333333333
1181332,14089,3.33333333333333
1181332,14096,3.33333333333333
1181332,14099,3.33333333333333
1181332,14100,3.33333333333333
1181332,14136,3.33333333333333
1181332,14137,3.33333333333333
1181332,14144,3.33333333333333
1181332,14154,3.33333333333333
1181332,14169,3.33333333333333
1181332,14171,3.33333333333333
1181332,14177,3.33333333333333
1181332,14185,3.33333333333333
1181332,14189,3.33333333333333
1181332,14198,3.33333333333333
1181332,14199,3.33333333333333
1181332,14203,3.33333333333333
1181332,14209,3.33333333333333
1181332,14216,3.33333333333333
1181332,14231,3.33333333333333
1181332,14234,3.33333333333333
1181332,14244,3.33333333333333
1181332,14248,3.33333333333333
1181332,14255,3.33333333333333
1181332,14258,3.33333333333333
1181332,14272,3.33333333333333
1181332,14279,3.33333333333333
1181332,14282,3.33333333333333
1181332,14283,3.33333333333333
1181332,14290,3.33333333333333
1181332,14292,3.33333333333333
1181332,14314,3.33333333333333
1181332,14317,3.33333333333333
1181332,14320,3.33333333333333
1181332,14324,3.33333333333333
1181332,14329,3.33333333333333
1181332,14335,3.33333333333333
1181332,14347,3.33333333333333
1181332,14354,3.33333333333333
1181332,14361,3.33333333333333
1181332,14372,3.33333333333333
1181332,14380,3.33333333333333
1181332,14386,3.33333333333333
1181332,14392,3.33333333333333
1181332,14407,3.33333333333333
1181332,14429,3.33333333333333
1181332,14430,3.33333333333333
1181332,14440,3.33333333333333
1181332,14442,3.33333333333333
1181332,14457,3.33333333333333
1181332,14459,3.33333333333333
1181332,14462,3.33333333333333
1181332,14469,3.33333333333333
1181332,14470,3.33333333333333
1181332,14484,3.33333333333333
1181332,14492,3.33333333333333
1181332,14496,3.33333333333333
1181332,14503,3.33333333333333
1181332,14505,3.33333333333333
1181332,14506,3.33333333333333
1181332,14518,3.33333333333333
1181332,14537,3.33333333333333
1181332,14551,3.33333333333333
1181332,14552,3.33333333333333
1181332,14560,3.33333333333333
1181332,14575,3.33333333333333
1181332,14581,3.33333333333333
1181332,14594,3.33333333333333
1181332,14611,3.33333333333333
1181332,14625,3.33333333333333
1181332,14643,3.33333333333333
1181332,14645,3.33333333333333
1181332,14648,3.33333333333333
1181332,14712,3.33333333333333
1181332,14716,3.33333333333333
1181332,14720,3.33333333333333
1181332,14722,3.33333333333333
1181332,14732,3.33333333333333
1181332,14738,3.33333333333333
1181332,14740,3.33333333333333
1181332,14743,3.33333333333333
1181332,14775,3.33333333333333
1181332,14793,3.33333333333333
1181332,14800,3.33333333333333
1181332,14807,3.33333333333333
1181332,14808,3.33333333333333
1181332,14810,3.33333333333333
1181332,14826,3.33333333333333
1181332,14836,3.33333333333333
1181332,14859,3.33333333333333
1181332,14902,3.33333333333333
1181332,14904,3.33333333333333
1181332,14930,3.33333333333333
1181332,14932,3.33333333333333
1181332,14941,3.33333333333333
1181332,14947,3.33333333333333
1181332,14957,3.33333333333333
1181332,14962,3.33333333333333
1181332,14983,3.33333333333333
1181332,14995,3.33333333333333
1181332,15005,3.33333333333333
1181332,15020,3.33333333333333
1181332,15033,3.33333333333333
1181332,15040,3.33333333333333
1181332,15051,3.33333333333333
1181332,15060,3.33333333333333
1181332,15071,3.33333333333333
1181332,15074,3.33333333333333
1181332,15083,3.33333333333333
1181332,15085,3.33333333333333
1181332,15115,3.33333333333333
1181332,15121,3.33333333333333
1181332,15122,3.33333333333333
1181332,15135,3.33333333333333
1181332,15142,3.33333333333333
1181332,15150,3.33333333333333
1181332,15152,3.33333333333333
1181332,15153,3.33333333333333
1181332,15160,3.33333333333333
1181332,15165,3.33333333333333
1181332,15175,3.33333333333333
1181332,15183,3.33333333333333
1181332,15192,3.33333333333333
1181332,15201,3.33333333333333
1181332,15202,3.33333333333333
1181332,15213,3.33333333333333
1181332,15214,3.33333333333333
1181332,15216,3.33333333333333
1181332,15222,3.33333333333333
1181332,15223,3.33333333333333
1181332,15228,3.33333333333333
1181332,15234,3.33333333333333
1181332,15246,3.33333333333333
1181332,15251,3.33333333333333
1181332,15257,3.33333333333333
1181332,15272,3.33333333333333
1181332,15276,3.33333333333333
1181332,15331,3.33333333333333
1181332,15338,3.33333333333333
1181332,15371,3.33333333333333
1181332,15378,3.33333333333333
1181332,15391,3.33333333333333
1181332,15409,3.33333333333333
1181332,15410,3.33333333333333
1181332,15413,3.33333333333333
1181332,15428,3.33333333333333
1181332,15438,3.33333333333333
1181332,15449,3.33333333333333
1181332,15464,3.33333333333333
1181332,15469,3.33333333333333
1181332,15475,3.33333333333333
1181332,15478,3.33333333333333
1181332,15480,3.33333333333333
1181332,15496,3.33333333333333
1181332,15507,3.33333333333333
1181332,15510,3.33333333333333
1181332,15515,3.33333333333333
1181332,15516,3.33333333333333
1181332,15527,3.33333333333333
1181332,15529,3.33333333333333
1181332,15532,3.33333333333333
1181332,15536,3.33333333333333
1181332,15539,3.33333333333333
1181332,15547,3.33333333333333
1181332,15557,3.33333333333333
1181332,15567,3.33333333333333
1181332,15568,3.33333333333333
1181332,15576,3.33333333333333
1181332,15582,3.33333333333333
1181332,15592,3.33333333333333
1181332,15610,3.33333333333333
1181332,15629,3.33333333333333
1181332,15632,3.33333333333333
1181332,15648,3.33333333333333
1181332,15657,3.33333333333333
1181332,15661,3.33333333333333
1181332,15662,3.33333333333333
1181332,15670,3.33333333333333
1181332,15676,3.33333333333333
1181332,15687,3.33333333333333
1181332,15691,3.33333333333333
1181332,15695,3.33333333333333
1181332,15707,3.33333333333333
1181332,15712,3.33333333333333
1181332,15714,3.33333333333333
1181332,15716,3.33333333333333
1181332,15726,3.33333333333333
1181332,15731,3.33333333333333
1181332,15741,3.33333333333333
1181332,15754,3.33333333333333
1181332,15763,3.33333333333333
1181332,15772,3.33333333333333
1181332,15785,3.33333333333333
1181332,15808,3.33333333333333
1181332,15809,3.33333333333333
1181332,15816,3.33333333333333
1181332,15820,3.33333333333333
1181332,15830,3.33333333333333
1181332,15836,3.33333333333333
1181332,15841,3.33333333333333
1181332,15842,3.33333333333333
1181332,15855,3.33333333333333
1181332,15911,3.33333333333333
1181332,15915,3.33333333333333
1181332,15929,3.33333333333333
1181332,15946,3.33333333333333
1181332,15951,3.33333333333333
1181332,15955,3.33333333333333
1181332,15961,3.33333333333333
1181332,15962,3.33333333333333
1181332,15981,3.33333333333333
1181332,15982,3.33333333333333
1181332,15992,3.33333333333333
1181332,15993,3.33333333333333
1181332,15998,3.33333333333333
1181332,16000,3.33333333333333
1181332,16001,3.33333333333333
1181332,16018,3.33333333333333
1181332,16021,3.33333333333333
1181332,16022,3.33333333333333
1181332,16035,3.33333333333333
1181332,16042,3.33333333333333
1181332,16046,3.33333333333333
1181332,16055,3.33333333333333
1181332,16066,3.33333333333333
1181332,16082,3.33333333333333
1181332,16091,3.33333333333333
1181332,16112,3.33333333333333
1181332,16120,3.33333333333333
1181332,16122,3.33333333333333
1181332,16127,3.33333333333333
1181332,16129,3.33333333333333
1181332,16131,3.33333333333333
1181332,16132,3.33333333333333
1181332,16135,3.33333333333333
1181332,16147,3.33333333333333
1181332,16150,3.33333333333333
1181332,16153,3.33333333333333
1181332,16157,3.33333333333333
1181332,16162,3.33333333333333
1181332,16169,3.33333333333333
1181332,16188,3.33333333333333
1181332,16231,3.33333333333333
1181332,16232,3.33333333333333
1181332,16243,3.33333333333333
1181332,16246,3.33333333333333
1181332,16247,3.33333333333333
1181332,16252,3.33333333333333
1181332,16256,3.33333333333333
1181332,16262,3.33333333333333
1181332,16277,3.33333333333333
1181332,16283,3.33333333333333
1181332,16286,3.33333333333333
1181332,16300,3.33333333333333
1181332,16311,3.33333333333333
1181332,16329,3.33333333333333
1181332,16335,3.33333333333333
1181332,16342,3.33333333333333
1181332,16344,3.33333333333333
1181332,16349,3.33333333333333
1181332,16396,3.33333333333333
1181332,16398,3.33333333333333
1181332,16408,3.33333333333333
1181332,16410,3.33333333333333
1181332,16422,3.33333333333333
1181332,16444,3.33333333333333
1181332,16451,3.33333333333333
1181332,16456,3.33333333333333
1181332,16467,3.33333333333333
1181332,16477,3.33333333333333
1181332,16488,3.33333333333333
1181332,16494,3.33333333333333
1181332,16506,3.33333333333333
1181332,16540,3.33333333333333
1181332,16545,3.33333333333333
1181332,16554,3.33333333333333
1181332,16555,3.33333333333333
1181332,16559,3.33333333333333
1181332,16563,3.33333333333333
1181332,16572,3.33333333333333
1181332,16576,3.33333333333333
1181332,16589,3.33333333333333
1181332,16599,3.33333333333333
1181332,16606,3.33333333333333
1181332,16613,3.33333333333333
1181332,16627,3.33333333333333
1181332,16629,3.33333333333333
1181332,16663,3.33333333333333
1181332,16670,3.33333333333333
1181332,16685,3.33333333333333
1181332,16689,3.33333333333333
1181332,16705,3.33333333333333
1181332,16707,3.33333333333333
1181332,16726,3.33333333333333
1181332,16731,3.33333333333333
1181332,16733,3.33333333333333
1181332,16741,3.33333333333333
1181332,16761,3.33333333333333
1181332,16762,3.33333333333333
1181332,16770,3.33333333333333
1181332,16784,3.33333333333333
1181332,16787,3.33333333333333
1181332,16788,3.33333333333333
1181332,16790,3.33333333333333
1181332,16797,3.33333333333333
1181332,16820,3.33333333333333
1181332,16830,3.33333333333333
1181332,16849,3.33333333333333
1181332,16854,3.33333333333333
1181332,16869,3.33333333333333
1181332,16889,3.33333333333333
1181332,16902,3.33333333333333
1181332,16904,3.33333333333333
1181332,16906,3.33333333333333
1181332,16915,3.33333333333333
1181332,16916,3.33333333333333
1181332,16928,3.33333333333333
1181332,16931,3.33333333333333
1181332,16933,3.33333333333333
1181332,16948,3.33333333333333
1181332,16950,3.33333333333333
1181332,16955,3.33333333333333
1181332,16970,3.33333333333333
1181332,16975,3.33333333333333
1181332,16982,3.33333333333333
1181332,16986,3.33333333333333
1181332,16988,3.33333333333333
1181332,16993,3.33333333333333
1181332,16996,3.33333333333333
1181332,16999,3.33333333333333
1181332,17020,3.33333333333333
1181332,17056,3.33333333333333
1181332,17065,3.33333333333333
1181332,17068,3.33333333333333
1181332,17074,3.33333333333333
1181332,17082,3.33333333333333
1181332,17085,3.33333333333333
1181332,17087,3.33333333333333
1181332,17090,3.33333333333333
1181332,17104,3.33333333333333
1181332,17107,3.33333333333333
1181332,17124,3.33333333333333
1181332,17137,3.33333333333333
1181332,17174,3.33333333333333
1181332,17182,3.33333333333333
1181332,17196,3.33333333333333
1181332,17202,3.33333333333333
1181332,17203,3.33333333333333
1181332,17232,3.33333333333333
1181332,17255,3.33333333333333
1181332,17290,3.33333333333333
1181332,17304,3.33333333333333
1181332,17310,3.33333333333333
1181332,17324,3.33333333333333
1181332,17326,3.33333333333333
1181332,17334,3.33333333333333
1181332,17337,3.33333333333333
1181332,17338,3.33333333333333
1181332,17344,3.33333333333333
1181332,17348,3.33333333333333
1181332,17358,3.33333333333333
1181332,17394,3.33333333333333
1181332,17411,3.33333333333333
1181332,17423,3.33333333333333
1181332,17447,3.33333333333333
1181332,17454,3.33333333333333
1181332,17466,3.33333333333333
1181332,17515,3.33333333333333
1181332,17522,3.33333333333333
1181332,17523,3.33333333333333
1181332,17534,3.33333333333333
1181332,17536,3.33333333333333
1181332,17551,3.33333333333333
1181332,17554,3.33333333333333
1181332,17556,3.33333333333333
1181332,17558,3.33333333333333
1181332,17561,3.33333333333333
1181332,17574,3.33333333333333
1181332,17616,3.33333333333333
1181332,17624,3.33333333333333
1181332,17626,3.33333333333333
1181332,17635,3.33333333333333
1181332,17640,3.33333333333333
1181332,17642,3.33333333333333
1181332,17650,3.33333333333333
1181332,17653,3.33333333333333
1181332,17654,3.33333333333333
1181332,17660,3.33333333333333
1181332,17689,3.33333333333333
1181332,17693,3.33333333333333
1181332,17706,3.33333333333333
1181332,17725,3.33333333333333
1181332,17728,3.33333333333333
1181332,17734,3.33333333333333
1181332,17741,3.33333333333333
1181332,17742,3.33333333333333
